# Sub-spectrum 04 — bands at 110, 165, 215 cm^-1
# Wavenumber(cm-1)   Intensity   Error
    70.000        6.16060    5.00000
    71.000       -4.02706    5.00000
    72.000       -0.30450    5.00000
    73.000        6.02957    5.00000
    74.000        4.22538    5.00000
    75.000        3.06830    5.00000
    76.000        5.38494    5.00000
    77.000        6.92784    5.00000
    78.000       -1.95744    5.00000
    79.000       -3.60984    5.00000
    80.000       -3.01837    5.00000
    81.000       12.31038    5.00000
    82.000       -1.93499    5.00000
    83.000        2.55225    5.00000
    84.000        3.27232    5.00000
    85.000        9.93960    5.00000
    86.000       -3.18352    5.00000
    87.000        6.21021    5.00000
    88.000       13.59385    5.00000
    89.000       14.47767    5.00000
    90.000       12.65223    5.00000
    91.000       11.38499    5.00000
    92.000       24.00668    5.00000
    93.000        9.89413    5.00000
    94.000       26.75890    5.00000
    95.000       28.60648    5.00000
    96.000       33.87421    5.00000
    97.000       37.75026    5.00000
    98.000       43.57514    5.00000
    99.000       53.89870    5.00000
   100.000       50.64483    5.00000
   101.000       57.67381    5.00000
   102.000       72.36869    5.00000
   103.000       79.40823    5.00000
   104.000       87.26022    5.00000
   105.000      101.14026    5.00000
   106.000       96.23827    5.00000
   107.000      107.80370    5.00000
   108.000      109.64424    5.00000
   109.000      121.83561    5.00000
   110.000      103.77968    5.00000
   111.000      107.32165    5.00000
   112.000      105.53603    5.00000
   113.000      110.79763    5.00000
   114.000       95.23288    5.00000
   115.000      101.72650    5.00000
   116.000       94.73329    5.00000
   117.000       83.82986    5.00000
   118.000       74.15276    5.00000
   119.000       56.59222    5.00000
   120.000       57.84669    5.00000
   121.000       42.67927    5.00000
   122.000       41.38902    5.00000
   123.000       38.15822    5.00000
   124.000       30.16884    5.00000
   125.000       31.69119    5.00000
   126.000       22.16256    5.00000
   127.000       11.55475    5.00000
   128.000       11.05864    5.00000
   129.000        7.56661    5.00000
   130.000       10.38647    5.00000
   131.000       16.63341    5.00000
   132.000       11.68805    5.00000
   133.000        9.90601    5.00000
   134.000        1.07178    5.00000
   135.000       18.83983    5.00000
   136.000        6.52577    5.00000
   137.000       18.58387    5.00000
   138.000        2.14362    5.00000
   139.000        3.77074    5.00000
   140.000       19.89250    5.00000
   141.000        1.97406    5.00000
   142.000       10.09209    5.00000
   143.000        7.18414    5.00000
   144.000        5.95206    5.00000
   145.000       22.28308    5.00000
   146.000        8.28297    5.00000
   147.000       20.04013    5.00000
   148.000       23.80324    5.00000
   149.000       16.48253    5.00000
   150.000       15.88876    5.00000
   151.000       20.90564    5.00000
   152.000       30.85115    5.00000
   153.000       41.58707    5.00000
   154.000       48.30557    5.00000
   155.000       52.27682    5.00000
   156.000       59.59970    5.00000
   157.000       72.04622    5.00000
   158.000       78.01550    5.00000
   159.000       82.79598    5.00000
   160.000       84.04049    5.00000
   161.000       96.49937    5.00000
   162.000       98.04925    5.00000
   163.000       96.79331    5.00000
   164.000       99.74985    5.00000
   165.000      109.50044    5.00000
   166.000      111.89680    5.00000
   167.000       97.95526    5.00000
   168.000       86.86068    5.00000
   169.000       95.69395    5.00000
   170.000       82.79263    5.00000
   171.000       84.78837    5.00000
   172.000       72.56063    5.00000
   173.000       78.63405    5.00000
   174.000       61.04483    5.00000
   175.000       58.14451    5.00000
   176.000       41.01638    5.00000
   177.000       26.90081    5.00000
   178.000       36.11573    5.00000
   179.000       31.78280    5.00000
   180.000       29.72412    5.00000
   181.000       19.61560    5.00000
   182.000       12.77583    5.00000
   183.000        8.63288    5.00000
   184.000       17.30490    5.00000
   185.000       16.44898    5.00000
   186.000        7.28466    5.00000
   187.000        8.15589    5.00000
   188.000        6.62242    5.00000
   189.000        0.56839    5.00000
   190.000       11.12660    5.00000
   191.000       14.75860    5.00000
   192.000       10.13965    5.00000
   193.000        5.23584    5.00000
   194.000       12.85925    5.00000
   195.000       22.64540    5.00000
   196.000       28.98349    5.00000
   197.000       22.80285    5.00000
   198.000       21.32445    5.00000
   199.000       19.91197    5.00000
   200.000       27.49771    5.00000
   201.000       41.02421    5.00000
   202.000       49.69930    5.00000
   203.000       57.78428    5.00000
   204.000       63.86770    5.00000
   205.000       66.76969    5.00000
   206.000       76.34588    5.00000
   207.000       94.91236    5.00000
   208.000       99.92699    5.00000
   209.000      120.06234    5.00000
   210.000      115.01582    5.00000
   211.000      138.47232    5.00000
   212.000      133.07664    5.00000
   213.000      142.27678    5.00000
   214.000      145.20209    5.00000
   215.000      143.33544    5.00000
   216.000      133.95645    5.00000
   217.000      138.62368    5.00000
   218.000      143.83275    5.00000
   219.000      123.37958    5.00000
   220.000      112.78044    5.00000
   221.000      112.05633    5.00000
   222.000      101.52996    5.00000
   223.000       87.18017    5.00000
   224.000       79.85699    5.00000
   225.000       71.39093    5.00000
   226.000       62.34255    5.00000
   227.000       56.44712    5.00000
   228.000       51.13669    5.00000
   229.000       42.32913    5.00000
   230.000       35.74316    5.00000
   231.000       36.91698    5.00000
   232.000       29.27611    5.00000
   233.000        5.25857    5.00000
   234.000       14.69466    5.00000
   235.000        5.89806    5.00000
   236.000        8.10548    5.00000
   237.000       13.59789    5.00000
   238.000        7.27644    5.00000
   239.000        4.96453    5.00000
   240.000       12.74434    5.00000
   241.000       -2.12397    5.00000
   242.000        4.30550    5.00000
   243.000        7.01139    5.00000
   244.000        3.97019    5.00000
   245.000       -2.31525    5.00000
   246.000        3.09469    5.00000
   247.000        6.99480    5.00000
   248.000        4.52771    5.00000
   249.000        4.14192    5.00000
   250.000        3.92532    5.00000
   251.000        2.91727    5.00000
   252.000       -4.09624    5.00000
   253.000        0.44640    5.00000
   254.000        4.03911    5.00000
   255.000      -13.78499    5.00000
   256.000        5.48445    5.00000
   257.000        3.30400    5.00000
   258.000       -3.87924    5.00000
   259.000       -2.25958    5.00000
   260.000        0.38858    5.00000
   261.000        3.41517    5.00000
   262.000       -0.57780    5.00000
   263.000        7.07541    5.00000
   264.000        3.25746    5.00000
   265.000       -2.78652    5.00000
   266.000       -1.25226    5.00000
   267.000        2.20143    5.00000
   268.000        4.66762    5.00000
   269.000        4.39022    5.00000
   270.000        0.46854    5.00000
   271.000        1.67219    5.00000
   272.000        0.76911    5.00000
   273.000        4.97604    5.00000
   274.000       -4.09220    5.00000
   275.000        3.82752    5.00000
   276.000       -8.47316    5.00000
   277.000        3.02074    5.00000
   278.000        2.02446    5.00000
   279.000        0.72037    5.00000
   280.000       -9.96100    5.00000
   281.000        8.51637    5.00000
   282.000        5.15636    5.00000
   283.000        0.77390    5.00000
   284.000        2.92329    5.00000
   285.000       -4.08336    5.00000
   286.000        3.15937    5.00000
   287.000        8.38353    5.00000
   288.000       -5.32165    5.00000
   289.000       14.01880    5.00000
   290.000       -1.64287    5.00000
   291.000        4.66608    5.00000
   292.000       -3.61377    5.00000
   293.000        2.45701    5.00000
   294.000       -5.87610    5.00000
   295.000       -2.81235    5.00000
   296.000       -0.67085    5.00000
   297.000       -2.81729    5.00000
   298.000       -0.75521    5.00000
   299.000        5.32217    5.00000
   300.000       -5.95224    5.00000
   301.000       -5.55449    5.00000
   302.000        0.65094    5.00000
   303.000       -2.41365    5.00000
   304.000       -4.61953    5.00000
   305.000        1.05155    5.00000
   306.000       -2.43804    5.00000
   307.000        2.05714    5.00000
   308.000        0.17050    5.00000
   309.000       -0.64369    5.00000
   310.000        0.01446    5.00000
   311.000        5.46534    5.00000
   312.000        6.91333    5.00000
   313.000       -0.46137    5.00000
   314.000       -4.81916    5.00000
   315.000       -7.23160    5.00000
   316.000      -10.84868    5.00000
   317.000       -5.56607    5.00000
   318.000       -3.95324    5.00000
   319.000        0.04048    5.00000
   320.000       -9.10461    5.00000
   321.000        7.44160    5.00000
   322.000        5.60612    5.00000
   323.000        6.50951    5.00000
   324.000       -2.28536    5.00000
   325.000        1.49465    5.00000
   326.000       -4.46652    5.00000
   327.000        8.01512    5.00000
   328.000       -5.80319    5.00000
   329.000       -2.31022    5.00000
   330.000        7.37106    5.00000
   331.000       12.69920    5.00000
   332.000       -0.21224    5.00000
   333.000       -1.82844    5.00000
   334.000      -12.29650    5.00000
   335.000        8.78792    5.00000
   336.000        1.77316    5.00000
   337.000       -9.19079    5.00000
   338.000        4.58244    5.00000
   339.000        3.29187    5.00000
   340.000       -1.55265    5.00000
   341.000       -2.57289    5.00000
   342.000        3.86393    5.00000
   343.000        1.38011    5.00000
   344.000        2.64169    5.00000
   345.000        6.33720    5.00000
   346.000        6.16794    5.00000
   347.000        4.00187    5.00000
   348.000        3.12310    5.00000
   349.000       -6.19682    5.00000
   350.000       -5.38571    5.00000
   351.000        4.28173    5.00000
   352.000        3.42270    5.00000
   353.000        2.77523    5.00000
   354.000        4.38373    5.00000
   355.000       -2.59031    5.00000
   356.000        3.00209    5.00000
   357.000       -4.76913    5.00000
   358.000        0.48503    5.00000
   359.000        4.81765    5.00000
   360.000       -3.21538    5.00000
   361.000        9.93145    5.00000
   362.000        5.83532    5.00000
   363.000        7.02350    5.00000
   364.000       -0.89474    5.00000
   365.000       -6.78559    5.00000
   366.000       -3.33565    5.00000
   367.000        2.91382    5.00000
   368.000       -1.24132    5.00000
   369.000        3.75877    5.00000
   370.000        0.90249    5.00000
   371.000       -2.80024    5.00000
   372.000        4.81794    5.00000
   373.000        6.90395    5.00000
   374.000       -3.51713    5.00000
   375.000        2.70158    5.00000
   376.000        0.92346    5.00000
   377.000        1.54336    5.00000
   378.000       -0.38308    5.00000
   379.000       -6.12743    5.00000
   380.000        7.18215    5.00000
   381.000       -5.08486    5.00000
   382.000       -4.22143    5.00000
   383.000        3.41167    5.00000
   384.000        1.02833    5.00000
   385.000       -3.85257    5.00000
   386.000       -3.16143    5.00000
   387.000       -0.66848    5.00000
   388.000       -2.05668    5.00000
   389.000        3.35511    5.00000
   390.000       -5.69985    5.00000
   391.000        1.93663    5.00000
   392.000        7.77150    5.00000
   393.000        1.12446    5.00000
   394.000       -4.32498    5.00000
   395.000       -3.49985    5.00000
   396.000        0.33254    5.00000
   397.000       -3.00796    5.00000
   398.000        6.28503    5.00000
   399.000       -9.09098    5.00000
   400.000        8.30469    5.00000
   401.000      -10.01612    5.00000
   402.000       -0.09724    5.00000
   403.000       -5.30807    5.00000
   404.000        4.20671    5.00000
   405.000       -3.76537    5.00000
   406.000       -5.56151    5.00000
   407.000       -1.59725    5.00000
   408.000       -1.95311    5.00000
   409.000       -9.57415    5.00000
   410.000        2.37266    5.00000
   411.000      -11.86395    5.00000
   412.000        5.97997    5.00000
   413.000       -1.55292    5.00000
   414.000        4.86157    5.00000
   415.000       -2.90712    5.00000
   416.000       -3.87070    5.00000
   417.000        3.35274    5.00000
   418.000       -2.82752    5.00000
   419.000       -7.64567    5.00000
   420.000       -0.34382    5.00000
   421.000       -6.79457    5.00000
   422.000        0.02546    5.00000
   423.000        6.98392    5.00000
   424.000        4.90181    5.00000
   425.000        0.09698    5.00000
   426.000       -0.74162    5.00000
   427.000       -1.49768    5.00000
   428.000       -3.10220    5.00000
   429.000        1.86018    5.00000
   430.000       -0.70531    5.00000
   431.000       -1.82508    5.00000
   432.000        1.43297    5.00000
   433.000      -10.00983    5.00000
   434.000        9.86379    5.00000
   435.000        3.23140    5.00000
   436.000       -6.88874    5.00000
   437.000        0.65467    5.00000
   438.000       -5.56662    5.00000
   439.000       -2.61817    5.00000
   440.000       -4.39799    5.00000
   441.000        5.53625    5.00000
   442.000       -9.52733    5.00000
   443.000       -1.69623    5.00000
   444.000       -8.17017    5.00000
   445.000       -0.02768    5.00000
   446.000       -1.51455    5.00000
   447.000       -6.96018    5.00000
   448.000        7.27153    5.00000
   449.000        7.88951    5.00000
   450.000       -2.74917    5.00000
   451.000        2.68084    5.00000
   452.000       -0.67337    5.00000
   453.000        1.28734    5.00000
   454.000        7.73026    5.00000
   455.000       -1.27411    5.00000
   456.000        9.02941    5.00000
   457.000       -1.37290    5.00000
   458.000       -0.40020    5.00000
   459.000        9.51366    5.00000
   460.000        1.44267    5.00000
   461.000      -10.09361    5.00000
   462.000        1.18963    5.00000
   463.000       -6.34412    5.00000
   464.000       -8.24834    5.00000
   465.000       -4.64901    5.00000
   466.000        1.69415    5.00000
   467.000       -5.50354    5.00000
   468.000       -6.94345    5.00000
   469.000       -1.83641    5.00000
   470.000        2.08502    5.00000
   471.000       -3.42036    5.00000
   472.000       -6.47108    5.00000
   473.000      -10.80279    5.00000
   474.000       -3.82076    5.00000
   475.000        4.28138    5.00000
   476.000        5.06987    5.00000
   477.000        4.00807    5.00000
   478.000       -0.81785    5.00000
   479.000        0.70497    5.00000
   480.000        6.39633    5.00000
   481.000       -4.28596    5.00000
   482.000        1.87742    5.00000
   483.000       -9.29783    5.00000
   484.000        3.46776    5.00000
   485.000       -2.19932    5.00000
   486.000       -5.72263    5.00000
   487.000        3.91933    5.00000
   488.000       -5.50138    5.00000
   489.000       -4.28197    5.00000
   490.000        7.73817    5.00000
   491.000       -5.17640    5.00000
   492.000       -3.22665    5.00000
   493.000       -3.36324    5.00000
   494.000        3.97669    5.00000
   495.000       -9.12721    5.00000
   496.000        6.30399    5.00000
   497.000       -1.16509    5.00000
   498.000       -1.53299    5.00000
   499.000       -4.43239    5.00000
   500.000       -0.67656    5.00000
   501.000        7.40234    5.00000
   502.000        1.11432    5.00000
   503.000       -4.61296    5.00000
   504.000       -1.68734    5.00000
   505.000        2.72139    5.00000
   506.000        0.47545    5.00000
   507.000       -1.23804    5.00000
   508.000        3.07108    5.00000
   509.000        1.85335    5.00000
   510.000       -5.34095    5.00000
   511.000       -9.52725    5.00000
   512.000        2.54949    5.00000
   513.000        9.33398    5.00000
   514.000       -4.05718    5.00000
   515.000       -0.65886    5.00000
   516.000        6.81633    5.00000
   517.000        8.74381    5.00000
   518.000        0.37155    5.00000
   519.000        6.29373    5.00000
   520.000        3.79800    5.00000
   521.000       -2.73451    5.00000
   522.000      -10.04976    5.00000
   523.000       -4.50310    5.00000
   524.000        1.88993    5.00000
   525.000        2.13980    5.00000
   526.000       -2.46795    5.00000
   527.000       -4.24548    5.00000
   528.000       -7.95876    5.00000
   529.000       -8.35914    5.00000
   530.000       -0.56832    5.00000
   531.000       -7.83163    5.00000
   532.000       -0.03374    5.00000
   533.000       -3.94835    5.00000
   534.000       -2.08950    5.00000
   535.000       10.66792    5.00000
   536.000        0.28216    5.00000
   537.000       -1.67714    5.00000
   538.000       -0.82629    5.00000
   539.000       -7.32812    5.00000
   540.000        6.73569    5.00000
   541.000        4.27880    5.00000
   542.000       -2.62048    5.00000
   543.000        1.18572    5.00000
   544.000       -3.31883    5.00000
   545.000        2.02025    5.00000
   546.000       -6.67623    5.00000
   547.000        1.37577    5.00000
   548.000        7.54456    5.00000
   549.000        2.26940    5.00000
   550.000       -2.91266    5.00000
   551.000        4.78644    5.00000
   552.000        9.79010    5.00000
   553.000        3.69185    5.00000
   554.000        0.52315    5.00000
   555.000       -3.97431    5.00000
   556.000        2.21478    5.00000
   557.000        9.64772    5.00000
   558.000      -10.04820    5.00000
   559.000        4.92245    5.00000
   560.000        0.77477    5.00000
   561.000        7.60241    5.00000
   562.000       -0.60424    5.00000
   563.000      -10.78336    5.00000
   564.000        9.99225    5.00000
   565.000       -5.76203    5.00000
   566.000        4.03630    5.00000
   567.000       -0.60333    5.00000
   568.000       -0.16359    5.00000
   569.000        0.72229    5.00000
   570.000       -2.69534    5.00000
   571.000        0.96673    5.00000
   572.000        1.57202    5.00000
   573.000        4.04147    5.00000
   574.000        0.65841    5.00000
